,0,1,2,3,4,5,6,7,8,9,10,11,12,13,14,15,16,17,18,19,20,21,22,23,24,25,26,27,28,29,30,31,32,33,34,35,36,37,38,39,40,41,42,43,44,45,46,47,48,49,50,51,52,53,54,55,56,57,58,59,60,61,62,63,64,65,66,67,68,69,70,71,72,73,74,75,76,77,78,79,80,81,82,83,84,85,86,87,88,89,90,91,92,93,94,95,96,97,98,99,100,101,102,103,104,105,106,107,108,109,110,111,112,113,114,115,116,117,118,119,120,121,122,123,124,125,126,127,128,129,130,131,132,133,134,135,136,137,138,139,140,141,142,143,144,145,146,147,148,149,150,151,152,153,154,155,156,157,158,159,160,161,162,163,164,165,166,167,168,169,170,171,172,173,174,175,176,177,178,179,180,181,182,183,184,185,186,187,188,189,190,191,192,193,194,195,196,197,198,199,200,201,202,203,204,205,206,207,208,209,210,211,212,213,214,215,216,217,218,219,220,221,222,223,224,225,226,227,228,229,230,231,232,233,234,235,236,237,238,239,240,241,242,243,244,245,246,247,248,249,250,251,252,253,254,255,256,257,258,259,260,261,262,263,264,265,266,267,268,269,270,271,272,273,274,275,276,277,278,279,280,281,282,283,284,285,286,287,288,289,290,291,292,293,294,295,296,297,298,299,300,301,302,303,304,305,306,307,308,309,310,311,312,313,314,315,316,317,318,319,320,321,322,323,324,325,326,327,328,329,330,331,332,333,334,335,336,337,338,339,340,341,342,343,344,345,346,347,348,349,350,351,352,353,354,355,356,357,358,359,360,361,362,363,364,365,366,367,368,369,370,371,372,373,374,375,376,377,378,379,380,381,382,383,384,385,386,387,388,389,390,391,392,393,394,395,396,397,398,399
Accumulated time steps,0.0,101.0,201.0,301.0,401.0,501.0,601.0,701.0,801.0,901.0,1001.0,1101.0,1201.0,1301.0,1401.0,1501.0,1601.0,1701.0,1801.0,1901.0,2001.0,2101.0,2201.0,2301.0,2401.0,2501.0,2601.0,2701.0,2801.0,2901.0,3001.0,3101.0,3201.0,3301.0,3401.0,3501.0,3601.0,3701.0,3801.0,3901.0,4001.0,4101.0,4201.0,4301.0,4401.0,4501.0,4601.0,4701.0,4801.0,4901.0,5001.0,5101.0,5201.0,5301.0,5401.0,5501.0,5601.0,5701.0,5801.0,5901.0,6001.0,6101.0,6201.0,6301.0,6401.0,6501.0,6601.0,6701.0,6801.0,6901.0,7001.0,7101.0,7201.0,7301.0,7401.0,7501.0,7601.0,7701.0,7801.0,7901.0,8001.0,8101.0,8201.0,8301.0,8401.0,8501.0,8601.0,8701.0,8801.0,8901.0,9001.0,9101.0,9201.0,9301.0,9401.0,9501.0,9601.0,9701.0,9801.0,9901.0,10001.0,10101.0,10201.0,10301.0,10401.0,10501.0,10601.0,10701.0,10801.0,10901.0,11001.0,11101.0,11201.0,11301.0,11401.0,11501.0,11601.0,11701.0,11801.0,11901.0,12001.0,12101.0,12201.0,12301.0,12401.0,12501.0,12601.0,12701.0,12801.0,12901.0,13001.0,13101.0,13201.0,13301.0,13401.0,13501.0,13601.0,13701.0,13801.0,13901.0,14001.0,14101.0,14201.0,14301.0,14401.0,14501.0,14601.0,14701.0,14801.0,14901.0,15001.0,15101.0,15201.0,15301.0,15401.0,15501.0,15601.0,15701.0,15801.0,15901.0,16001.0,16101.0,16201.0,16301.0,16401.0,16501.0,16601.0,16701.0,16801.0,16901.0,17001.0,17101.0,17201.0,17301.0,17401.0,17501.0,17601.0,17701.0,17801.0,17901.0,18001.0,18101.0,18201.0,18301.0,18401.0,18501.0,18601.0,18701.0,18801.0,18901.0,19001.0,19101.0,19201.0,19301.0,19401.0,19501.0,19601.0,19701.0,19801.0,19901.0,20001.0,20101.0,20201.0,20301.0,20401.0,20501.0,20601.0,20701.0,20801.0,20901.0,21001.0,21101.0,21201.0,21301.0,21401.0,21501.0,21601.0,21701.0,21801.0,21901.0,22001.0,22101.0,22201.0,22301.0,22401.0,22501.0,22601.0,22701.0,22801.0,22901.0,23001.0,23101.0,23201.0,23301.0,23401.0,23501.0,23601.0,23701.0,23801.0,23901.0,24001.0,24101.0,24201.0,24301.0,24401.0,24501.0,24601.0,24701.0,24801.0,24901.0,25001.0,25101.0,25201.0,25301.0,25401.0,25501.0,25601.0,25701.0,25801.0,25901.0,26001.0,26101.0,26201.0,26301.0,26401.0,26501.0,26601.0,26701.0,26801.0,26901.0,27001.0,27101.0,27201.0,27301.0,27401.0,27501.0,27601.0,27701.0,27801.0,27901.0,28001.0,28101.0,28201.0,28301.0,28401.0,28501.0,28601.0,28701.0,28801.0,28901.0,29001.0,29101.0,29201.0,29301.0,29401.0,29501.0,29601.0,29701.0,29801.0,29901.0,30001.0,30101.0,30201.0,30301.0,30401.0,30501.0,30601.0,30701.0,30801.0,30901.0,31001.0,31101.0,31201.0,31301.0,31401.0,31501.0,31601.0,31701.0,31801.0,31901.0,32001.0,32101.0,32201.0,32301.0,32401.0,32501.0,32601.0,32701.0,32801.0,32901.0,33001.0,33101.0,33201.0,33301.0,33401.0,33501.0,33601.0,33701.0,33801.0,33901.0,34001.0,34101.0,34201.0,34301.0,34401.0,34501.0,34601.0,34701.0,34801.0,34901.0,35001.0,35101.0,35201.0,35301.0,35401.0,35501.0,35601.0,35701.0,35801.0,35901.0,36001.0,36101.0,36201.0,36301.0,36401.0,36501.0,36601.0,36701.0,36801.0,36901.0,37001.0,37101.0,37201.0,37301.0,37401.0,37501.0,37601.0,37701.0,37801.0,37901.0,38001.0,38101.0,38201.0,38301.0,38401.0,38501.0,38601.0,38701.0,38801.0,38901.0,39001.0,39101.0,39201.0,39301.0,39401.0,39501.0,39601.0,39701.0,39801.0,39901.0
Episode reward,0.0,470.48396233618496,567.337648900001,176.72532586980435,296.00455066192535,436.1799732876856,324.6994532953714,221.18854087434107,344.07698088955124,295.0047275623588,479.47105772551424,134.60209682685547,409.5928972255465,351.1912601130771,204.77726935151344,231.88160580047003,214.51143385604797,135.76939024131633,447.8868552127018,567.3252602223055,465.8773081804011,569.6694978077945,309.9255542205551,563.5609344981708,581.7527704077023,123.70740919478773,576.216722105412,152.63741600030457,523.0172633891453,134.37179378360128,578.4813117492772,463.23071247095606,155.0834219963117,183.0518411900353,545.0491322009398,579.1847232688896,535.3389696680277,587.1302068035947,586.1190034746385,574.9460523089333,580.8681206704478,527.4690497932465,405.0887539243679,562.509120849552,603.4916682687118,584.1036621028261,569.3116442365261,598.0933475194231,519.182600009525,558.8511924916845,589.2616968013484,296.25260023920805,416.4403249411595,598.552071204592,618.8350531899927,580.3208341774888,570.9623034118042,612.9716216525729,327.77338690882334,586.7950675456223,552.3451935725396,584.2579503462813,587.2074246301015,564.4549452592486,567.0707629017653,566.1568020065629,565.0342037274095,603.9111227894302,590.7422057761918,238.83451113169576,600.1112920829023,528.1604295996679,558.3480906677534,603.9071740059777,572.391144949284,603.9864240094405,587.0640403029984,374.1779394906914,560.7800242883387,605.9459856981412,615.2074865682852,607.9388302506705,602.6148964181964,600.4992254212514,600.5707451620635,598.9612223720629,585.1895414839967,612.7385839007529,577.6050735491812,516.055238342055,617.8806472031288,544.9547891942972,425.8163046893617,588.5000915015701,145.54359475084104,581.3505173336647,589.4169590757031,596.3087112152249,599.9238774745064,603.6609776223503,573.7066937653788,592.7624369209752,594.0368479853009,604.176585670041,606.0352712244473,605.1510931124178,293.5631011650198,368.45086827212594,585.5737496714859,588.683572317387,580.8537188838094,599.1347984032973,578.4247665308197,595.753229480526,588.9667020423399,609.2286534392939,418.1396149593329,548.7905454871069,548.1233156903136,611.9486706414045,570.6788208078375,583.3285703728877,610.2420549204493,515.1059095778267,596.9102930912661,548.5009857504838,599.6984104860657,405.08437301848363,579.1456814029963,582.2429700068394,574.0365179018387,600.2769632875221,592.3944008380572,604.8894783389728,580.065545792171,608.9974809154294,585.9900661406097,612.5350145333423,525.6200637440719,577.0594095742857,593.6696104770349,547.1650393021147,587.7770810110397,598.7711981586151,606.9102502070218,590.0688362527559,608.9696573009808,606.7830771909606,625.7116129770034,596.0242779365196,586.9751011240259,578.035013966198,586.2247929478449,598.6345833942888,596.8967298887919,610.4953146317298,605.6701558385736,594.1151122180142,619.2384509137353,556.7916089772177,595.7866441213471,609.1423774334894,576.7325896989505,541.3534288698635,593.2345764106356,562.3291360512583,577.6155297017979,599.5812595218722,583.2686514726558,604.1105610271034,610.3266647921648,575.5329042030692,588.9429177056536,573.2864982217751,549.241225388143,599.6739345512526,598.0247344976863,543.0964090653603,590.2188016886694,599.2156393895234,616.9181880375178,478.2528612981988,222.4672282009051,403.27369663077457,574.9384633757468,621.2039451460942,593.4931597789558,625.2950446490848,553.398879633481,574.492327622611,615.3463266231847,604.6806197042464,606.8696948027555,598.6654908393946,605.3689761660937,606.1011594727439,342.03830893078657,639.3711593698487,589.4097014401624,617.9349701006179,604.7903588639911,593.7856095888989,564.4082513818774,600.0107487529965,590.024832278388,613.8542848031468,382.75661322319337,587.9227330731076,524.9620550638441,580.4178220471148,599.9404481965569,325.67853797864643,605.645919110695,353.6672410508517,611.4020954604846,161.87164252888766,349.8125073650677,541.4049378329373,607.9145635701478,590.6969597641046,579.8651350752134,576.3953790649995,593.7767281246053,599.1905902222825,567.7549309340568,592.8671970502807,478.05174838121604,629.3469435422397,621.0378911568548,558.6562671479019,209.58300767189633,495.85422546171935,601.425856638115,590.2845474774946,614.5051608177115,553.4440295556135,578.4966149010247,608.6176499548579,527.3890991841167,518.5199193868816,595.4570274192258,549.7904903287758,592.2485898196221,410.1731448775214,621.6654767789856,302.848839202559,599.7009674815257,613.9553367385666,598.1367925069447,591.2252002895927,165.2957357549202,627.0447436000554,609.4687725828928,526.1486904198024,584.0440033365155,486.43324259160306,605.644167366846,604.2188635771035,436.68183696076744,605.9056868707597,594.4363578537774,573.5466879668006,616.5604438819402,211.8850171840423,426.27265983707395,632.4362201407542,331.20044991347254,336.75061469208043,589.8386917398591,455.0841922289623,623.8153940047431,247.21915451974755,502.63968609509294,272.770154137136,274.2174931942636,629.0398187899126,508.98723409821093,588.5028891330321,535.3557450801372,610.8620384666085,240.93276514495892,382.6486120342833,187.73646991061986,418.7416132481191,635.6790742395915,615.9524467983697,266.4358985769656,592.9001396438224,635.7443420329591,595.6222823925502,546.2958123366425,244.55404112776014,577.9137141003407,510.12433728043663,637.5981422859593,579.7096103939139,569.9465069235398,419.5268096817191,314.8171327740642,590.1024251722077,636.867837212267,188.13878903243528,137.28001182782606,108.11781144613839,181.1516918928819,188.57926997721557,185.41412669677072,297.30093804361275,293.24261385228726,618.513341985626,648.7771838462927,659.020583184703,600.5635632742419,492.0354997343656,612.653019184912,370.463769634722,458.39218923697365,437.7285993683952,591.9249359551071,601.0790439588064,577.3421098872848,129.7673039809486,143.82146963209294,569.4918232101373,631.6459573919901,489.35056798297006,568.3932742015189,277.5006037147082,210.77316110102205,426.6541504228781,273.76593869231743,398.40579246575066,537.7921774865322,377.73717929346526,326.57235797002164,542.4112312070511,454.77775192245167,615.9025584561828,472.2493731847818,481.64554592771975,622.9341885938977,326.5954518890304,237.72186971053858,548.524416927692,596.7058480200692,595.0087731537733,607.3014573912355,514.4948478219476,628.4583321118773,544.4733959589034,588.530250129601,457.8099966633969,386.8335366252405,469.2229637444126,535.9266751233577,321.5565326142911,235.62829273168882,629.6189017261082,425.7828975149615,267.0779635796923,616.5738030824209,395.4445762417358,600.9176759417755,320.3553172170424,419.58185831499117,596.0742315309146,476.51010200041736,634.463952372099,479.5797419173601,210.30295354635703,575.8095635984157,591.5361572011427,616.6539481569528,567.3920205254872,286.15916750878245,355.1228981894365,477.3730401175962,590.8969910657793,257.12253217509067,424.7459480648045,577.0164307407609,629.5067490163942,624.2839469835935,626.9714147578154,575.414607151055,291.61395324663397,303.86367920743413,591.9091290182964,498.52464677864856,360.8193763852841,527.3822807603913,608.4216250497534,620.291496973817,598.7982428308768,622.4920725263436,619.7287691033036,592.6654672655002,583.9440726740437,630.0528218809267,294.118828122281
Episode feedback,0.8,0.7699999923,0.8399999916,0.8999999910000002,0.7699999923,0.7599999924,0.7499999925,0.8299999917,0.7799999922,0.7699999923,0.6299999937,0.7799999922,0.8099999919,0.7199999928,0.7899999921,0.7899999921,0.7199999928,0.7699999923,0.7499999925,0.7299999927,0.7099999929,0.6399999936,0.6199999938,0.6899999931,0.6199999938,0.7299999927,0.6299999937,0.699999993,0.6399999936,0.8099999919,0.6399999936,0.699999993,0.7799999922,0.7199999928,0.5099999949,0.5499999945,0.5899999941,0.6599999934,0.4899999951000001,0.5699999943,0.6099999939,0.4599999954000001,0.5799999942,0.5499999945,0.3799999962,0.4199999958,0.4499999955000001,0.4599999954000001,0.5499999945,0.5899999941,0.4299999957,0.6599999934,0.6599999934,0.6199999938,0.4799999952000001,0.3799999962,0.5399999946,0.4099999959,0.5299999947,0.4599999954000001,0.4799999952000001,0.6099999939,0.3599999964,0.5799999942,0.5299999947,0.5199999948,0.6099999939,0.3499999965,0.399999996,0.6899999931,0.3499999965,0.6099999939,0.4399999956000001,0.3799999962,0.4299999957,0.3599999964,0.399999996,0.6199999938,0.5199999948,0.4299999957,0.5899999941,0.4299999957,0.5099999949,0.5399999946,0.2899999971,0.4799999952000001,0.4999999950000001,0.4499999955000001,0.3899999961,0.5699999943,0.5299999947,0.6799999932,0.7099999929,0.4399999956000001,0.6299999937,0.4599999954000001,0.4299999957,0.4799999952000001,0.4499999955000001,0.3899999961,0.4199999958,0.3899999961,0.3899999961,0.4999999950000001,0.5699999943,0.4499999955000001,0.5399999946,0.5399999946,0.4099999959,0.4899999951000001,0.4499999955000001,0.4399999956000001,0.3899999961,0.3899999961,0.3199999968,0.4599999954000001,0.5799999942,0.4099999959,0.3799999962,0.3699999963,0.3699999963,0.3799999962,0.3099999969,0.4399999956000001,0.3099999969,0.4599999954000001,0.4799999952000001,0.5299999947,0.3899999961,0.3899999961,0.3699999963,0.3499999965,0.3499999965,0.3099999969,0.4599999954000001,0.4099999959,0.4299999957,0.399999996,0.5599999944,0.4399999956000001,0.3299999967,0.4199999958,0.3899999961,0.399999996,0.3899999961,0.399999996,0.4399999956000001,0.3699999963,0.2599999974,0.3899999961,0.4399999956000001,0.4199999958,0.4799999952000001,0.4099999959,0.399999996,0.3299999967,0.4399999956000001,0.5399999946,0.4199999958,0.4799999952000001,0.3699999963,0.1699999983,0.2699999973,0.3599999964,0.4199999958,0.3599999964,0.3399999966,0.4599999954000001,0.3099999969,0.5499999945,0.4099999959,0.3299999967,0.199999998,0.3699999963,0.4499999955000001,0.24999999750000004,0.23999999760000004,0.3599999964,0.3899999961,0.399999996,0.2899999971,0.399999996,0.6299999937,0.6199999938,0.4299999957,0.5199999948,0.4599999954000001,0.5299999947,0.4899999951000001,0.4099999959,0.5699999943,0.3599999964,0.399999996,0.4499999955000001,0.4399999956000001,0.3599999964,0.5499999945,0.5099999949,0.3799999962,0.3699999963,0.299999997,0.3299999967,0.299999997,0.3399999966,0.3399999966,0.299999997,0.5099999949,0.3599999964,0.3199999968,0.3599999964,0.3499999965,0.4799999952000001,0.3499999965,0.5099999949,0.5499999945,0.4699999953000001,0.4899999951000001,0.4499999955000001,0.3699999963,0.3499999965,0.4799999952000001,0.5299999947,0.2599999974,0.3399999966,0.3199999968,0.4099999959,0.4199999958,0.3699999963,0.3399999966,0.3199999968,0.5499999945,0.4099999959,0.4199999958,0.3499999965,0.3599999964,0.3799999962,0.3499999965,0.3699999963,0.3699999963,0.5899999941,0.3199999968,0.4399999956000001,0.5099999949,0.3899999961,0.4899999951000001,0.4899999951000001,0.5399999946,0.22999999770000004,0.2799999972,0.2699999973,0.4899999951000001,0.0,0.0,0.0,0.0,0.0,0.0,0.0,0.0,0.0,0.0,0.0,0.0,0.0,0.0,0.0,0.0,0.0,0.0,0.0,0.0,0.0,0.0,0.0,0.0,0.0,0.0,0.0,0.0,0.0,0.0,0.0,0.0,0.0,0.0,0.0,0.0,0.0,0.0,0.0,0.0,0.0,0.0,0.0,0.0,0.0,0.0,0.0,0.0,0.0,0.0,0.0,0.0,0.0,0.0,0.0,0.0,0.0,0.0,0.0,0.0,0.0,0.0,0.0,0.0,0.0,0.0,0.0,0.0,0.0,0.0,0.0,0.0,0.0,0.0,0.0,0.0,0.0,0.0,0.0,0.0,0.0,0.0,0.0,0.0,0.0,0.0,0.0,0.0,0.0,0.0,0.0,0.0,0.0,0.0,0.0,0.0,0.0,0.0,0.0,0.0,0.0,0.0,0.0,0.0,0.0,0.0,0.0,0.0,0.0,0.0,0.0,0.0,0.0,0.0,0.0,0.0,0.0,0.0,0.0,0.0,0.0,0.0,0.0,0.0,0.0,0.0,0.0,0.0,0.0,0.0,0.0,0.0,0.0,0.0,0.0,0.0,0.0,0.0,0.0,0.0,0.0,0.0,0.0,0.0,0.0,0.0,0.0,0.0,0.0
total seconds,0.0,2.48564076423645,6.203611612319946,11.763304471969604,16.68175745010376,21.789235830307007,26.752828359603882,32.128823041915894,37.108749866485596,42.187750816345215,46.62700963020325,51.69615578651428,56.842631578445435,61.5673611164093,66.87238788604736,72.21725249290466,77.36200904846191,82.61128354072571,87.66995787620544,93.03805303573608,98.2881669998169,103.05641651153564,107.74658703804016,112.85191583633423,117.53070449829102,122.63637900352478,127.40551376342773,132.3427813053131,137.15015172958374,142.8949282169342,147.58400344848633,152.70701098442078,158.04217314720154,163.3870770931244,167.79679012298584,172.20533680915833,176.71341013908386,181.5233132839203,185.48298931121826,189.8814811706543,194.54890060424805,198.56122970581055,202.93969702720642,207.3483510017395,210.78332376480103,214.4492449760437,218.4525933265686,222.3010926246643,226.64130067825317,231.15006256103516,234.9334888458252,239.816992521286,244.71233582496643,249.2846462726593,253.22359538078308,256.6630218029022,260.77234983444214,264.53464579582214,268.68565917015076,272.524564743042,276.47812700271606,281.03932785987854,284.4491379261017,289.02028465270996,293.23788595199585,297.3203628063202,302.00091099739075,305.4398729801178,309.160010099411,314.0982475280762,317.43845677375793,322.23843812942505,326.0919842720032,329.7273151874542,333.4439082145691,336.7915458679199,340.3990297317505,345.0318830013275,349.0800893306732,352.8343665599823,357.4117841720581,361.1155915260315,365.1193835735321,369.4853935241699,372.47511863708496,376.42363572120667,380.62599086761475,384.43526005744934,387.94259333610535,392.2586808204651,396.399480342865,401.3493881225586,406.359493970871,410.26777243614197,414.97336864471436,418.8133783340454,422.7250757217407,426.7508897781372,430.5536255836487,434.04998874664307,437.822270154953,441.5563049316406,445.2071509361267,449.2784774303436,453.66522884368896,457.4951159954071,461.66321182250977,465.9265789985657,469.60055208206177,473.5725655555725,477.51914739608765,481.20575165748596,484.80421805381775,488.21719551086426,491.2889187335968,495.09186029434204,499.6246201992035,503.2834734916687,506.73393869400024,510.181015253067,513.6050093173981,516.994106054306,520.3176975250244,524.3417499065399,527.4984574317932,531.4221084117889,535.295889377594,539.433908700943,542.9714207649231,546.5206685066223,550.136167049408,553.4985225200653,556.8604283332825,560.217497587204,564.3792793750763,568.4171998500824,572.2660746574402,575.8323526382446,580.2324948310852,584.0803465843201,587.5099077224731,591.2568299770355,595.0681157112122,598.73686170578,602.439694404602,606.3049733638763,610.1053659915924,613.609201669693,616.7405488491058,620.2600219249725,624.0423636436462,627.7330610752106,631.9392690658569,635.6093058586121,639.5383055210114,642.843897819519,646.7605676651001,651.0846924781799,654.8116314411163,658.7515933513641,662.3971846103668,664.8383843898773,667.8642675876617,671.4411754608154,675.8074798583984,679.5233724117279,683.3247830867767,687.2117846012115,690.3639059066772,694.7351064682007,698.5240550041199,702.0000326633453,704.8560862541199,708.2350866794586,712.1806008815765,715.0871529579163,717.8706979751587,721.3546698093414,725.2474639415741,728.8610534667969,732.0582168102264,735.8215522766113,740.8075861930847,745.6186368465424,749.3325078487396,753.5852568149567,757.4549777507782,761.6323866844177,765.8559172153473,769.9562840461731,774.6931409835815,778.6095716953278,782.2053356170654,786.0187318325043,789.9356942176819,793.4268572330475,797.8503894805908,802.0128800868988,805.677122592926,809.1490943431854,812.3776707649231,815.7465696334839,818.879340171814,822.132515668869,825.3935594558716,828.5874865055084,832.7765519618988,836.2163515090942,839.5583639144897,843.0534279346466,846.7010338306427,850.897376537323,854.3130035400391,858.4641799926758,862.6796743869781,866.7248599529266,870.9053952693939,874.8995711803436,878.3211035728455,881.7517309188843,885.9110133647919,890.3912403583527,893.6912050247192,897.3662285804749,900.6968393325806,904.7703716754913,908.5543255805969,912.1709187030792,915.8824646472931,919.6393802165985,924.0237100124359,927.8244285583496,931.5538158416748,935.005065202713,938.822594165802,942.65598487854,945.9773168563843,949.4546566009521,953.0073728561401,957.6575877666473,960.9575862884521,965.1977717876434,969.8385529518127,973.5293684005737,977.8395671844482,981.9121556282043,986.0654911994934,988.836918592453,991.8807637691498,995.294536113739,999.3154008388519,1001.0873432159424,1003.4278683662415,1005.2518379688263,1007.504518032074,1009.2989869117737,1011.152134180069,1013.4417326450348,1015.2195281982422,1017.1349034309387,1019.4249858856201,1021.3044703006744,1023.8237173557281,1026.0299081802368,1028.3442833423615,1030.4107677936554,1032.7704861164093,1034.9934446811676,1037.3386435508728,1039.3789973258972,1041.92316532135,1043.7863385677338,1046.3345818519592,1048.334534406662,1050.283795595169,1052.0787296295166,1054.4118592739105,1056.73956990242,1058.68208527565,1060.5530660152435,1062.638124704361,1064.627685546875,1066.6497178077698,1068.6504356861115,1070.575612783432,1072.7225034236908,1074.7887496948242,1076.671401500702,1078.7147736549377,1080.7462453842163,1082.7895271778107,1084.7367951869965,1086.624191045761,1088.6816003322601,1090.5601584911346,1092.7114050388336,1094.7006468772888,1096.9717104434967,1098.9558794498444,1101.1822509765625,1103.0366730690002,1104.9932448863983,1107.0245213508606,1109.0596299171448,1111.0420246124268,1112.9056301116943,1114.847177028656,1116.7886056900024,1118.71533036232,1120.7045691013336,1122.8012611865997,1124.7080309391022,1126.6405155658722,1128.600959777832,1130.6094505786896,1132.5421097278595,1134.4295790195465,1136.3724842071533,1138.3140370845795,1140.321043729782,1142.2477660179138,1144.1586000919342,1145.9876470565796,1147.9084396362305,1149.914873600006,1151.8422348499298,1153.7500839233398,1155.7230939865112,1157.772138595581,1159.8313663005829,1161.7837707996368,1163.800036430359,1165.721251487732,1167.6213157176971,1169.6123745441437,1171.5546717643738,1173.5080606937408,1175.5728151798248,1177.466771364212,1179.4546818733215,1181.352906703949,1183.276775598526,1185.2564895153046,1187.2165296077728,1189.2942600250244,1191.365795135498,1193.2815160751343,1195.2004704475403,1197.1983506679535,1199.2443675994873,1201.2626037597656,1203.28009390831,1205.2274622917175,1207.3474702835083,1209.34245967865,1211.309431552887,1213.2130329608917,1215.1998858451843,1217.1348164081573,1219.104969739914,1221.103534936905,1223.2203929424286,1225.1923940181732,1227.1526522636414,1229.1902375221252,1231.1986999511719,1233.195191860199,1235.2296559810638,1237.196361064911,1239.1529877185822,1241.1519939899445,1243.0694637298584,1245.0841073989868,1247.0537376403809,1249.0942940711975,1251.1482083797455,1253.1624217033386,1255.3681755065918,1257.3753044605255,1259.392793893814,1261.4895367622375,1263.5317673683167,1265.5461587905884,1267.5702843666077,1269.5942606925964,1271.6280164718628,1273.70534658432,1275.7874147891998,1277.6744723320007,1279.6777532100677,1281.78786611557,1283.7639544010162,1285.6906139850616,1287.7063257694244,1289.8114304542542,1292.0279095172882,1294.0391509532928,1296.0702376365662,1297.9957823753357,1300.020423412323
total minutes,0.0,0.0414273460706075,0.10339352687199911,0.19605507453282675,0.27802929083506267,0.3631539305051168,0.4458804726600647,0.5354803840319315,0.6184791644414266,0.7031291802724202,0.7771168271700541,0.8616025964419047,0.9473771929740906,1.0261226852734884,1.1145397981007894,1.2036208748817443,1.2893668174743653,1.3768547256787618,1.461165964603424,1.550634217262268,1.6381361166636148,1.7176069418589275,1.7957764506340026,1.8808652639389039,1.958845074971517,2.0439396500587463,2.1234252293904623,2.2057130217552183,2.285835862159729,2.381582136948903,2.4597333908081054,2.5451168497403462,2.6340362191200257,2.7231179515520734,2.796613168716431,2.8700889468193056,2.9452235023180644,3.0253885547320047,3.091383155186971,3.164691352844238,3.2424816767374676,3.309353828430176,3.382328283786774,3.455805850028992,3.5130553960800173,3.574154082934062,3.64087655544281,3.7050182104110716,3.7773550113042194,3.8525010426839192,3.9155581474304197,3.9969498753547668,4.078538930416107,4.154744104544322,4.220393256346385,4.27771703004837,4.346205830574036,4.408910763263703,4.478094319502513,4.5420760790507,4.607968783378601,4.683988797664642,4.740818965435028,4.8170047442118324,4.88729809919993,4.955339380105337,5.033348516623179,5.09066454966863,5.152666834990184,5.234970792134603,5.290640946229299,5.3706406354904175,5.434866404533386,5.495455253124237,5.557398470242818,5.613192431131998,5.673317162195842,5.750531383355459,5.818001488844554,5.880572775999705,5.956863069534302,6.018593192100525,6.085323059558869,6.158089892069499,6.207918643951416,6.273727262020111,6.3437665144602455,6.407254334290823,6.4657098889350895,6.537644680341085,6.606658005714417,6.68915646870931,6.772658232847849,6.837796207269033,6.916222810745239,6.98022297223409,7.045417928695679,7.11251482963562,7.175893759727478,7.234166479110717,7.297037835915884,7.359271748860677,7.420119182268778,7.487974623839061,7.561087147394816,7.6249185999234514,7.6943868637084964,7.765442983309428,7.826675868034362,7.892876092592875,7.9586524566014605,8.020095860958099,8.080070300896962,8.136953258514405,8.188148645559947,8.2515310049057,8.327077003320058,8.388057891527811,8.445565644900004,8.50301692088445,8.5600834886233,8.616568434238435,8.671961625417074,8.739029165108999,8.791640957196554,8.857035140196482,8.921598156293234,8.990565145015717,9.049523679415385,9.108677808443705,9.168936117490132,9.224975375334422,9.281007138888041,9.336958293120066,9.406321322917938,9.473619997501373,9.537767910957337,9.597205877304077,9.670541580518087,9.734672443072002,9.791831795374552,9.854280499617259,9.917801928520202,9.978947695096334,10.040661573410034,10.10508288939794,10.16842276652654,10.226820027828216,10.279009147485096,10.337667032082875,10.400706060727437,10.462217684586843,10.532321151097616,10.593488430976867,10.658971758683522,10.71406496365865,10.779342794418335,10.851411541303,10.913527190685272,10.979193222522735,11.039953076839447,11.08063973983129,11.131071126461029,11.190686257680257,11.263457997639973,11.325389540195465,11.388746384779612,11.453529743353526,11.50606509844462,11.578918441136677,11.642067583401998,11.70000054438909,11.747601437568665,11.803918111324311,11.869676681359609,11.918119215965271,11.964511632919312,12.02257783015569,12.087457732359569,12.147684224446614,12.200970280170441,12.263692537943522,12.34679310321808,12.426977280775706,12.488875130812326,12.559754280249278,12.624249629179637,12.693873111406962,12.764265286922456,12.832604734102885,12.911552349726358,12.976826194922129,13.036755593617757,13.100312197208405,13.165594903628032,13.223780953884125,13.29750649134318,13.366881334781647,13.427952043215434,13.48581823905309,13.539627846082052,13.595776160558065,13.647989002863566,13.702208594481151,13.756559324264526,13.809791441758474,13.87960919936498,13.936939191818237,13.992639398574829,14.050890465577444,14.111683897177379,14.181622942288717,14.238550059000652,14.307736333211263,14.377994573116302,14.445414332548777,14.515089921156566,14.581659519672394,14.638685059547424,14.695862181981404,14.765183556079865,14.839854005972544,14.894853417078654,14.95610380967458,15.011613988876343,15.079506194591522,15.14257209300995,15.20284864505132,15.264707744121552,15.327323003609974,15.400395166873931,15.463740475972493,15.52589693069458,15.58341775337855,15.6470432360967,15.710933081309001,15.766288614273071,15.824244276682537,15.883456214269001,15.960959796110789,16.015959771474204,16.086629529794056,16.163975882530213,16.225489473342897,16.297326119740806,16.365202593803406,16.43442485332489,16.480615309874217,16.531346062819164,16.58824226856232,16.655256680647533,16.68478905359904,16.723797806104024,16.75419729948044,16.791741967201233,16.821649781862895,16.852535569667815,16.890695544083915,16.920325469970702,16.952248390515646,16.990416431427,17.021741171677906,17.06372862259547,17.100498469670615,17.13907138903936,17.173512796560924,17.21284143527349,17.249890744686127,17.288977392514546,17.322983288764952,17.365386088689167,17.396438976128895,17.438909697532655,17.472242240111033,17.50472992658615,17.534645493825277,17.573530987898508,17.612326165040333,17.644701421260834,17.67588443358739,17.71063541173935,17.743794759114582,17.777495296796165,17.810840594768525,17.842926879723866,17.878708390394845,17.91314582824707,17.94452335834503,17.97857956091563,18.01243742307027,18.046492119630177,18.07894658644994,18.11040318409602,18.144693338871,18.17600264151891,18.211856750647225,18.245010781288148,18.282861840724944,18.315931324164072,18.353037516276043,18.383944551150005,18.416554081439973,18.45040868918101,18.484327165285745,18.51736707687378,18.54842716852824,18.580786283810934,18.61314342816671,18.645255506038666,18.678409485022225,18.713354353109995,18.745133848985038,18.77734192609787,18.8100159962972,18.84349084297816,18.87570182879766,18.907159650325774,18.939541403452555,18.971900618076326,19.0053507288297,19.03746276696523,19.069310001532237,19.099794117609658,19.131807327270508,19.165247893333436,19.197370580832164,19.229168065388997,19.262051566441855,19.29620230992635,19.33052277167638,19.363062846660615,19.396667273839316,19.42868752479553,19.46035526196162,19.493539575735728,19.525911196072897,19.558467678229015,19.59288025299708,19.624446189403535,19.657578031222027,19.689215111732484,19.72127959330877,19.754274825255077,19.78694216012955,19.821571000417073,19.856096585591633,19.888025267918906,19.920007840792337,19.95330584446589,19.987406126658122,20.021043395996095,20.054668231805167,20.087124371528624,20.122457838058473,20.15570766131083,20.18849052588145,20.220217216014863,20.25333143075307,20.28558027346929,20.3184161623319,20.351725582281748,20.387006549040475,20.41987323363622,20.452544204394023,20.486503958702087,20.519978332519532,20.55325319766998,20.58716093301773,20.619939351081847,20.652549795309703,20.685866566499076,20.71782439549764,20.751401789983113,20.784228960673016,20.81823823451996,20.852470139662426,20.886040361722312,20.922802925109863,20.956255074342092,20.989879898230235,21.02482561270396,21.058862789471945,21.09243597984314,21.126171406110128,21.159904344876608,21.193800274531046,21.228422443072002,21.263123579819997,21.29457453886668,21.32796255350113,21.363131101926168,21.396065906683603,21.428176899751026,21.461772096157073,21.49685717423757,21.533798491954805,21.56731918255488,21.6011706272761,21.63326303958893,21.66700705687205
cummulative feedback,0.0,77.0,161.0,251.0,328.0,404.0,479.0,562.0,640.0,717.0,780.0,858.0,939.0,1011.0,1090.0,1169.0,1241.0,1318.0,1393.0,1466.0,1537.0,1601.0,1663.0,1732.0,1794.0,1867.0,1930.0,2000.0,2064.0,2145.0,2209.0,2279.0,2357.0,2429.0,2480.0,2535.0,2594.0,2660.0,2709.0,2766.0,2827.0,2873.0,2931.0,2986.0,3024.0,3066.0,3111.0,3157.0,3212.0,3271.0,3314.0,3380.0,3446.0,3508.0,3556.0,3594.0,3648.0,3689.0,3742.0,3788.0,3836.0,3897.0,3933.0,3991.0,4044.0,4096.0,4157.0,4192.0,4232.0,4301.0,4336.0,4397.0,4441.0,4479.0,4522.0,4558.0,4598.0,4660.0,4712.0,4755.0,4814.0,4857.0,4908.0,4962.0,4991.0,5039.0,5089.0,5134.0,5173.0,5230.0,5283.0,5351.0,5422.0,5466.0,5529.0,5575.0,5618.0,5666.0,5711.0,5750.0,5792.0,5831.0,5870.0,5920.0,5977.0,6022.0,6076.0,6130.0,6171.0,6220.0,6265.0,6309.0,6348.0,6387.0,6419.0,6465.0,6523.0,6564.0,6602.0,6639.0,6676.0,6714.0,6745.0,6789.0,6820.0,6866.0,6914.0,6967.0,7006.0,7045.0,7082.0,7117.0,7152.0,7183.0,7229.0,7270.0,7313.0,7353.0,7409.0,7453.0,7486.0,7528.0,7567.0,7607.0,7646.0,7686.0,7730.0,7767.0,7793.0,7832.0,7876.0,7918.0,7966.0,8007.0,8047.0,8080.0,8124.0,8178.0,8220.0,8268.0,8305.0,8322.0,8349.0,8385.0,8427.0,8463.0,8497.0,8543.0,8574.0,8629.0,8670.0,8703.0,8723.0,8760.0,8805.0,8830.0,8854.0,8890.0,8929.0,8969.0,8998.0,9038.0,9101.0,9163.0,9206.0,9258.0,9304.0,9357.0,9406.0,9447.0,9504.0,9540.0,9580.0,9625.0,9669.0,9705.0,9760.0,9811.0,9849.0,9886.0,9916.0,9949.0,9979.0,10013.0,10047.0,10077.0,10128.0,10164.0,10196.0,10232.0,10267.0,10315.0,10350.0,10401.0,10456.0,10503.0,10552.0,10597.0,10634.0,10669.0,10717.0,10770.0,10796.0,10830.0,10862.0,10903.0,10945.0,10982.0,11016.0,11048.0,11103.0,11144.0,11186.0,11221.0,11257.0,11295.0,11330.0,11367.0,11404.0,11463.0,11495.0,11539.0,11590.0,11629.0,11678.0,11727.0,11781.0,11804.0,11832.0,11859.0,11908.0,11908.0,11908.0,11908.0,11908.0,11908.0,11908.0,11908.0,11908.0,11908.0,11908.0,11908.0,11908.0,11908.0,11908.0,11908.0,11908.0,11908.0,11908.0,11908.0,11908.0,11908.0,11908.0,11908.0,11908.0,11908.0,11908.0,11908.0,11908.0,11908.0,11908.0,11908.0,11908.0,11908.0,11908.0,11908.0,11908.0,11908.0,11908.0,11908.0,11908.0,11908.0,11908.0,11908.0,11908.0,11908.0,11908.0,11908.0,11908.0,11908.0,11908.0,11908.0,11908.0,11908.0,11908.0,11908.0,11908.0,11908.0,11908.0,11908.0,11908.0,11908.0,11908.0,11908.0,11908.0,11908.0,11908.0,11908.0,11908.0,11908.0,11908.0,11908.0,11908.0,11908.0,11908.0,11908.0,11908.0,11908.0,11908.0,11908.0,11908.0,11908.0,11908.0,11908.0,11908.0,11908.0,11908.0,11908.0,11908.0,11908.0,11908.0,11908.0,11908.0,11908.0,11908.0,11908.0,11908.0,11908.0,11908.0,11908.0,11908.0,11908.0,11908.0,11908.0,11908.0,11908.0,11908.0,11908.0,11908.0,11908.0,11908.0,11908.0,11908.0,11908.0,11908.0,11908.0,11908.0,11908.0,11908.0,11908.0,11908.0,11908.0,11908.0,11908.0,11908.0,11908.0,11908.0,11908.0,11908.0,11908.0,11908.0,11908.0,11908.0,11908.0,11908.0,11908.0,11908.0,11908.0,11908.0,11908.0,11908.0,11908.0,11908.0,11908.0,11908.0,11908.0,11908.0,11908.0,11908.0,11908.0
e,0.01,0.01,0.01,0.01,0.01,0.01,0.01,0.01,0.01,0.01,0.01,0.01,0.01,0.01,0.01,0.01,0.01,0.01,0.01,0.01,0.01,0.01,0.01,0.01,0.01,0.01,0.01,0.01,0.01,0.01,0.01,0.01,0.01,0.01,0.01,0.01,0.01,0.01,0.01,0.01,0.01,0.01,0.01,0.01,0.01,0.01,0.01,0.01,0.01,0.01,0.01,0.01,0.01,0.01,0.01,0.01,0.01,0.01,0.01,0.01,0.01,0.01,0.01,0.01,0.01,0.01,0.01,0.01,0.01,0.01,0.01,0.01,0.01,0.01,0.01,0.01,0.01,0.01,0.01,0.01,0.01,0.01,0.01,0.01,0.01,0.01,0.01,0.01,0.01,0.01,0.01,0.01,0.01,0.01,0.01,0.01,0.01,0.01,0.01,0.01,0.01,0.01,0.01,0.01,0.01,0.01,0.01,0.01,0.01,0.01,0.01,0.01,0.01,0.01,0.01,0.01,0.01,0.01,0.01,0.01,0.01,0.01,0.01,0.01,0.01,0.01,0.01,0.01,0.01,0.01,0.01,0.01,0.01,0.01,0.01,0.01,0.01,0.01,0.01,0.01,0.01,0.01,0.01,0.01,0.01,0.01,0.01,0.01,0.01,0.01,0.01,0.01,0.01,0.01,0.01,0.01,0.01,0.01,0.01,0.01,0.01,0.01,0.01,0.01,0.01,0.01,0.01,0.01,0.01,0.01,0.01,0.01,0.01,0.01,0.01,0.01,0.01,0.01,0.01,0.01,0.01,0.01,0.01,0.01,0.01,0.01,0.01,0.01,0.01,0.01,0.01,0.01,0.01,0.01,0.01,0.01,0.01,0.01,0.01,0.01,0.01,0.01,0.01,0.01,0.01,0.01,0.01,0.01,0.01,0.01,0.01,0.01,0.01,0.01,0.01,0.01,0.01,0.01,0.01,0.01,0.01,0.01,0.01,0.01,0.01,0.01,0.01,0.01,0.01,0.01,0.01,0.01,0.01,0.01,0.01,0.01,0.01,0.01,0.01,0.01,0.01,0.01,0.01,0.01,0.01,0.01,0.01,0.01,0.01,0.01,0.01,0.01,0.01,0.01,0.01,0.01,0.01,0.01,0.01,0.01,0.01,0.01,0.01,0.01,0.01,0.01,0.01,0.01,0.01,0.01,0.01,0.01,0.01,0.01,0.01,0.01,0.01,0.01,0.01,0.01,0.01,0.01,0.01,0.01,0.01,0.01,0.01,0.01,0.01,0.01,0.01,0.01,0.01,0.01,0.01,0.01,0.01,0.01,0.01,0.01,0.01,0.01,0.01,0.01,0.01,0.01,0.01,0.01,0.01,0.01,0.01,0.01,0.01,0.01,0.01,0.01,0.01,0.01,0.01,0.01,0.01,0.01,0.01,0.01,0.01,0.01,0.01,0.01,0.01,0.01,0.01,0.01,0.01,0.01,0.01,0.01,0.01,0.01,0.01,0.01,0.01,0.01,0.01,0.01,0.01,0.01,0.01,0.01,0.01,0.01,0.01,0.01,0.01,0.01,0.01,0.01,0.01,0.01,0.01,0.01,0.01,0.01,0.01,0.01,0.01,0.01,0.01,0.01,0.01,0.01,0.01,0.01,0.01,0.01,0.01,0.01,0.01,0.01,0.01,0.01,0.01,0.01,0.01,0.01,0.01,0.01,0.01,0.01,0.01,0.01,0.01,0.01,0.01,0.01,0.01,0.01,0.01,0.01,0.01,0.01
buffer size,15000.0,15000.0,15000.0,15000.0,15000.0,15000.0,15000.0,15000.0,15000.0,15000.0,15000.0,15000.0,15000.0,15000.0,15000.0,15000.0,15000.0,15000.0,15000.0,15000.0,15000.0,15000.0,15000.0,15000.0,15000.0,15000.0,15000.0,15000.0,15000.0,15000.0,15000.0,15000.0,15000.0,15000.0,15000.0,15000.0,15000.0,15000.0,15000.0,15000.0,15000.0,15000.0,15000.0,15000.0,15000.0,15000.0,15000.0,15000.0,15000.0,15000.0,15000.0,15000.0,15000.0,15000.0,15000.0,15000.0,15000.0,15000.0,15000.0,15000.0,15000.0,15000.0,15000.0,15000.0,15000.0,15000.0,15000.0,15000.0,15000.0,15000.0,15000.0,15000.0,15000.0,15000.0,15000.0,15000.0,15000.0,15000.0,15000.0,15000.0,15000.0,15000.0,15000.0,15000.0,15000.0,15000.0,15000.0,15000.0,15000.0,15000.0,15000.0,15000.0,15000.0,15000.0,15000.0,15000.0,15000.0,15000.0,15000.0,15000.0,15000.0,15000.0,15000.0,15000.0,15000.0,15000.0,15000.0,15000.0,15000.0,15000.0,15000.0,15000.0,15000.0,15000.0,15000.0,15000.0,15000.0,15000.0,15000.0,15000.0,15000.0,15000.0,15000.0,15000.0,15000.0,15000.0,15000.0,15000.0,15000.0,15000.0,15000.0,15000.0,15000.0,15000.0,15000.0,15000.0,15000.0,15000.0,15000.0,15000.0,15000.0,15000.0,15000.0,15000.0,15000.0,15000.0,15000.0,15000.0,15000.0,15000.0,15000.0,15000.0,15000.0,15000.0,15000.0,15000.0,15000.0,15000.0,15000.0,15000.0,15000.0,15000.0,15000.0,15000.0,15000.0,15000.0,15000.0,15000.0,15000.0,15000.0,15000.0,15000.0,15000.0,15000.0,15000.0,15000.0,15000.0,15000.0,15000.0,15000.0,15000.0,15000.0,15000.0,15000.0,15000.0,15000.0,15000.0,15000.0,15000.0,15000.0,15000.0,15000.0,15000.0,15000.0,15000.0,15000.0,15000.0,15000.0,15000.0,15000.0,15000.0,15000.0,15000.0,15000.0,15000.0,15000.0,15000.0,15000.0,15000.0,15000.0,15000.0,15000.0,15000.0,15000.0,15000.0,15000.0,15000.0,15000.0,15000.0,15000.0,15000.0,15000.0,15000.0,15000.0,15000.0,15000.0,15000.0,15000.0,15000.0,15000.0,15000.0,15000.0,15000.0,15000.0,15000.0,15000.0,15000.0,15000.0,15000.0,15000.0,15000.0,15000.0,15000.0,15000.0,15000.0,15000.0,15000.0,15000.0,15000.0,15000.0,15000.0,15000.0,15000.0,15000.0,15000.0,15000.0,15000.0,15000.0,15000.0,15000.0,15000.0,15000.0,15000.0,15000.0,15000.0,15000.0,15000.0,15000.0,15000.0,15000.0,15000.0,15000.0,15000.0,15000.0,15000.0,15000.0,15000.0,15000.0,15000.0,15000.0,15000.0,15000.0,15000.0,15000.0,15000.0,15000.0,15000.0,15000.0,15000.0,15000.0,15000.0,15000.0,15000.0,15000.0,15000.0,15000.0,15000.0,15000.0,15000.0,15000.0,15000.0,15000.0,15000.0,15000.0,15000.0,15000.0,15000.0,15000.0,15000.0,15000.0,15000.0,15000.0,15000.0,15000.0,15000.0,15000.0,15000.0,15000.0,15000.0,15000.0,15000.0,15000.0,15000.0,15000.0,15000.0,15000.0,15000.0,15000.0,15000.0,15000.0,15000.0,15000.0,15000.0,15000.0,15000.0,15000.0,15000.0,15000.0,15000.0,15000.0,15000.0,15000.0,15000.0,15000.0,15000.0,15000.0,15000.0,15000.0,15000.0,15000.0,15000.0,15000.0,15000.0,15000.0,15000.0,15000.0,15000.0,15000.0,15000.0,15000.0,15000.0,15000.0,15000.0,15000.0,15000.0,15000.0,15000.0,15000.0,15000.0,15000.0,15000.0,15000.0,15000.0,15000.0,15000.0,15000.0,15000.0,15000.0,15000.0,15000.0,15000.0,15000.0,15000.0,15000.0,15000.0,15000.0,15000.0,15000.0,15000.0,15000.0,15000.0,15000.0,15000.0,15000.0,15000.0,15000.0,15000.0,15000.0,15000.0,15000.0
human model,1.0,1.0,1.0,1.0,1.0,1.0,1.0,1.0,1.0,1.0,1.0,1.0,1.0,1.0,1.0,1.0,1.0,1.0,1.0,1.0,1.0,1.0,1.0,1.0,1.0,1.0,1.0,1.0,1.0,1.0,1.0,1.0,1.0,1.0,1.0,1.0,1.0,1.0,1.0,1.0,1.0,1.0,1.0,1.0,1.0,1.0,1.0,1.0,1.0,1.0,1.0,1.0,1.0,1.0,1.0,1.0,1.0,1.0,1.0,1.0,1.0,1.0,1.0,1.0,1.0,1.0,1.0,1.0,1.0,1.0,1.0,1.0,1.0,1.0,1.0,1.0,1.0,1.0,1.0,1.0,1.0,1.0,1.0,1.0,1.0,1.0,1.0,1.0,1.0,1.0,1.0,1.0,1.0,1.0,1.0,1.0,1.0,1.0,1.0,1.0,1.0,1.0,1.0,1.0,1.0,1.0,1.0,1.0,1.0,1.0,1.0,1.0,1.0,1.0,1.0,1.0,1.0,1.0,1.0,1.0,1.0,1.0,1.0,1.0,1.0,1.0,1.0,1.0,1.0,1.0,1.0,1.0,1.0,1.0,1.0,1.0,1.0,1.0,1.0,1.0,1.0,1.0,1.0,1.0,1.0,1.0,1.0,1.0,1.0,1.0,1.0,1.0,1.0,1.0,1.0,1.0,1.0,1.0,1.0,1.0,1.0,1.0,1.0,1.0,1.0,1.0,1.0,1.0,1.0,1.0,1.0,1.0,1.0,1.0,1.0,1.0,1.0,1.0,1.0,1.0,1.0,1.0,1.0,1.0,1.0,1.0,1.0,1.0,1.0,1.0,1.0,1.0,1.0,1.0,1.0,1.0,1.0,1.0,1.0,1.0,1.0,1.0,1.0,1.0,1.0,1.0,1.0,1.0,1.0,1.0,1.0,1.0,1.0,1.0,1.0,1.0,1.0,1.0,1.0,1.0,1.0,1.0,1.0,1.0,1.0,1.0,1.0,1.0,1.0,1.0,1.0,1.0,1.0,1.0,1.0,1.0,1.0,1.0,1.0,1.0,1.0,1.0,1.0,1.0,1.0,1.0,1.0,1.0,1.0,1.0,1.0,1.0,1.0,1.0,1.0,1.0,1.0,1.0,1.0,1.0,1.0,1.0,1.0,1.0,1.0,1.0,1.0,1.0,1.0,1.0,1.0,1.0,1.0,1.0,1.0,1.0,1.0,1.0,1.0,1.0,1.0,1.0,1.0,1.0,1.0,1.0,1.0,1.0,1.0,1.0,1.0,1.0,1.0,1.0,1.0,1.0,1.0,1.0,1.0,1.0,1.0,1.0,1.0,1.0,1.0,1.0,1.0,1.0,1.0,1.0,1.0,1.0,1.0,1.0,1.0,1.0,1.0,1.0,1.0,1.0,1.0,1.0,1.0,1.0,1.0,1.0,1.0,1.0,1.0,1.0,1.0,1.0,1.0,1.0,1.0,1.0,1.0,1.0,1.0,1.0,1.0,1.0,1.0,1.0,1.0,1.0,1.0,1.0,1.0,1.0,1.0,1.0,1.0,1.0,1.0,1.0,1.0,1.0,1.0,1.0,1.0,1.0,1.0,1.0,1.0,1.0,1.0,1.0,1.0,1.0,1.0,1.0,1.0,1.0,1.0,1.0,1.0,1.0,1.0,1.0,1.0,1.0,1.0,1.0,1.0,1.0,1.0,1.0,1.0,1.0,1.0,1.0,1.0,1.0,1.0,1.0,1.0,1.0,1.0,1.0
tau,1e-05,1e-05,1e-05,1e-05,1e-05,1e-05,1e-05,1e-05,1e-05,1e-05,1e-05,1e-05,1e-05,1e-05,1e-05,1e-05,1e-05,1e-05,1e-05,1e-05,1e-05,1e-05,1e-05,1e-05,1e-05,1e-05,1e-05,1e-05,1e-05,1e-05,1e-05,1e-05,1e-05,1e-05,1e-05,1e-05,1e-05,1e-05,1e-05,1e-05,1e-05,1e-05,1e-05,1e-05,1e-05,1e-05,1e-05,1e-05,1e-05,1e-05,1e-05,1e-05,1e-05,1e-05,1e-05,1e-05,1e-05,1e-05,1e-05,1e-05,1e-05,1e-05,1e-05,1e-05,1e-05,1e-05,1e-05,1e-05,1e-05,1e-05,1e-05,1e-05,1e-05,1e-05,1e-05,1e-05,1e-05,1e-05,1e-05,1e-05,1e-05,1e-05,1e-05,1e-05,1e-05,1e-05,1e-05,1e-05,1e-05,1e-05,1e-05,1e-05,1e-05,1e-05,1e-05,1e-05,1e-05,1e-05,1e-05,1e-05,1e-05,1e-05,1e-05,1e-05,1e-05,1e-05,1e-05,1e-05,1e-05,1e-05,1e-05,1e-05,1e-05,1e-05,1e-05,1e-05,1e-05,1e-05,1e-05,1e-05,1e-05,1e-05,1e-05,1e-05,1e-05,1e-05,1e-05,1e-05,1e-05,1e-05,1e-05,1e-05,1e-05,1e-05,1e-05,1e-05,1e-05,1e-05,1e-05,1e-05,1e-05,1e-05,1e-05,1e-05,1e-05,1e-05,1e-05,1e-05,1e-05,1e-05,1e-05,1e-05,1e-05,1e-05,1e-05,1e-05,1e-05,1e-05,1e-05,1e-05,1e-05,1e-05,1e-05,1e-05,1e-05,1e-05,1e-05,1e-05,1e-05,1e-05,1e-05,1e-05,1e-05,1e-05,1e-05,1e-05,1e-05,1e-05,1e-05,1e-05,1e-05,1e-05,1e-05,1e-05,1e-05,1e-05,1e-05,1e-05,1e-05,1e-05,1e-05,1e-05,1e-05,1e-05,1e-05,1e-05,1e-05,1e-05,1e-05,1e-05,1e-05,1e-05,1e-05,1e-05,1e-05,1e-05,1e-05,1e-05,1e-05,1e-05,1e-05,1e-05,1e-05,1e-05,1e-05,1e-05,1e-05,1e-05,1e-05,1e-05,1e-05,1e-05,1e-05,1e-05,1e-05,1e-05,1e-05,1e-05,1e-05,1e-05,1e-05,1e-05,1e-05,1e-05,1e-05,1e-05,1e-05,1e-05,1e-05,1e-05,1e-05,1e-05,1e-05,1e-05,1e-05,1e-05,1e-05,1e-05,1e-05,1e-05,1e-05,1e-05,1e-05,1e-05,1e-05,1e-05,1e-05,1e-05,1e-05,1e-05,1e-05,1e-05,1e-05,1e-05,1e-05,1e-05,1e-05,1e-05,1e-05,1e-05,1e-05,1e-05,1e-05,1e-05,1e-05,1e-05,1e-05,1e-05,1e-05,1e-05,1e-05,1e-05,1e-05,1e-05,1e-05,1e-05,1e-05,1e-05,1e-05,1e-05,1e-05,1e-05,1e-05,1e-05,1e-05,1e-05,1e-05,1e-05,1e-05,1e-05,1e-05,1e-05,1e-05,1e-05,1e-05,1e-05,1e-05,1e-05,1e-05,1e-05,1e-05,1e-05,1e-05,1e-05,1e-05,1e-05,1e-05,1e-05,1e-05,1e-05,1e-05,1e-05,1e-05,1e-05,1e-05,1e-05,1e-05,1e-05,1e-05,1e-05,1e-05,1e-05,1e-05,1e-05,1e-05,1e-05,1e-05,1e-05,1e-05,1e-05,1e-05,1e-05,1e-05,1e-05,1e-05,1e-05,1e-05,1e-05,1e-05,1e-05,1e-05,1e-05,1e-05,1e-05,1e-05,1e-05,1e-05,1e-05,1e-05,1e-05,1e-05,1e-05,1e-05,1e-05,1e-05,1e-05,1e-05,1e-05,1e-05,1e-05,1e-05,1e-05,1e-05,1e-05,1e-05,1e-05,1e-05,1e-05,1e-05,1e-05,1e-05,1e-05,1e-05,1e-05,1e-05,1e-05,1e-05,1e-05,1e-05,1e-05,1e-05,1e-05,1e-05,1e-05,1e-05,1e-05,1e-05,1e-05,1e-05,1e-05
total_success,0.0,35.0,81.0,81.0,94.0,124.0,142.0,147.0,166.0,179.0,212.0,212.0,239.0,255.0,259.0,259.0,260.0,260.0,271.0,317.0,350.0,396.0,413.0,458.0,505.0,505.0,552.0,552.0,593.0,593.0,639.0,651.0,651.0,654.0,699.0,744.0,786.0,834.0,882.0,928.0,974.0,1015.0,1042.0,1087.0,1136.0,1183.0,1229.0,1277.0,1317.0,1359.0,1407.0,1411.0,1433.0,1481.0,1533.0,1580.0,1626.0,1677.0,1695.0,1743.0,1786.0,1833.0,1881.0,1926.0,1971.0,2016.0,2061.0,2111.0,2159.0,2159.0,2207.0,2259.0,2303.0,2353.0,2399.0,2449.0,2497.0,2509.0,2554.0,2604.0,2655.0,2705.0,2755.0,2804.0,2853.0,2902.0,2950.0,3001.0,3048.0,3088.0,3139.0,3181.0,3197.0,3245.0,3245.0,3293.0,3341.0,3390.0,3439.0,3488.0,3535.0,3583.0,3632.0,3682.0,3732.0,3782.0,3796.0,3816.0,3864.0,3912.0,3959.0,4008.0,4055.0,4104.0,4152.0,4202.0,4209.0,4252.0,4295.0,4345.0,4391.0,4438.0,4488.0,4528.0,4577.0,4621.0,4669.0,4669.0,4716.0,4763.0,4810.0,4860.0,4908.0,4958.0,5005.0,5055.0,5103.0,5153.0,5193.0,5239.0,5288.0,5332.0,5380.0,5429.0,5479.0,5527.0,5577.0,5627.0,5679.0,5728.0,5776.0,5822.0,5869.0,5918.0,5967.0,6017.0,6067.0,6115.0,6166.0,6210.0,6258.0,6308.0,6355.0,6398.0,6447.0,6493.0,6539.0,6588.0,6635.0,6685.0,6735.0,6781.0,6829.0,6876.0,6921.0,6970.0,7019.0,7062.0,7110.0,7159.0,7210.0,7246.0,7252.0,7268.0,7314.0,7365.0,7414.0,7466.0,7510.0,7556.0,7607.0,7656.0,7706.0,7755.0,7805.0,7854.0,7872.0,7926.0,7974.0,8025.0,8075.0,8124.0,8169.0,8218.0,8267.0,8318.0,8328.0,8376.0,8417.0,8464.0,8513.0,8527.0,8577.0,8598.0,8649.0,8649.0,8660.0,8703.0,8753.0,8801.0,8847.0,8893.0,8942.0,8991.0,9037.0,9086.0,9122.0,9175.0,9227.0,9271.0,9271.0,9308.0,9357.0,9405.0,9456.0,9500.0,9546.0,9596.0,9639.0,9659.0,9708.0,9756.0,9804.0,9817.0,9868.0,9882.0,9931.0,9982.0,10031.0,10079.0,10079.0,10131.0,10179.0,10220.0,10267.0,10310.0,10360.0,10411.0,10450.0,10500.0,10549.0,10595.0,10646.0,10646.0,10681.0,10734.0,10734.0,10747.0,10795.0,10837.0,10888.0,10888.0,10930.0,10930.0,10946.0,10998.0,11040.0,11088.0,11130.0,11179.0,11179.0,11195.0,11195.0,11242.0,11295.0,11345.0,11345.0,11394.0,11447.0,11494.0,11537.0,11537.0,11584.0,11634.0,11687.0,11733.0,11779.0,11822.0,11822.0,11869.0,11922.0,11922.0,11922.0,11922.0,11922.0,11922.0,11922.0,11922.0,11922.0,11974.0,12028.0,12084.0,12131.0,12179.0,12230.0,12255.0,12255.0,12277.0,12325.0,12374.0,12420.0,12420.0,12422.0,12468.0,12521.0,12566.0,12612.0,12621.0,12621.0,12660.0,12660.0,12702.0,12745.0,12765.0,12765.0,12808.0,12822.0,12873.0,12902.0,12918.0,12969.0,12969.0,12969.0,13012.0,13061.0,13110.0,13160.0,13197.0,13249.0,13292.0,13340.0,13376.0,13377.0,13377.0,13412.0,13455.0,13455.0,13508.0,13513.0,13523.0,13569.0,13569.0,13618.0,13639.0,13688.0,13737.0,13787.0,13840.0,13879.0,13879.0,13926.0,13973.0,14024.0,14070.0,14070.0,14108.0,14156.0,14204.0,14204.0,14248.0,14297.0,14349.0,14402.0,14455.0,14490.0,14490.0,14493.0,14541.0,14591.0,14591.0,14632.0,14682.0,14734.0,14783.0,14835.0,14885.0,14934.0,14981.0,15034.0,15034.0
total_success_div_episode,0.0,35.0,40.5,27.0,23.5,24.8,23.666666666666668,21.0,20.75,19.88888888888889,21.2,19.272727272727273,19.916666666666668,19.615384615384617,18.5,17.266666666666666,16.25,15.294117647058824,15.055555555555555,16.68421052631579,17.5,18.857142857142858,18.772727272727273,19.91304347826087,21.041666666666668,20.2,21.23076923076923,20.444444444444443,21.178571428571427,20.448275862068964,21.3,21.0,20.34375,19.818181818181817,20.558823529411764,21.257142857142856,21.833333333333332,22.54054054054054,23.210526315789473,23.794871794871796,24.35,24.75609756097561,24.80952380952381,25.27906976744186,25.818181818181817,26.288888888888888,26.717391304347824,27.170212765957448,27.4375,27.73469387755102,28.14,27.666666666666668,27.557692307692307,27.943396226415093,28.38888888888889,28.727272727272727,29.035714285714285,29.42105263157895,29.224137931034484,29.54237288135593,29.766666666666666,30.049180327868854,30.338709677419356,30.571428571428573,30.796875,31.015384615384615,31.227272727272727,31.507462686567163,31.75,31.28985507246377,31.52857142857143,31.816901408450704,31.98611111111111,32.23287671232877,32.41891891891892,32.653333333333336,32.85526315789474,32.58441558441559,32.743589743589745,32.962025316455694,33.1875,33.39506172839506,33.59756097560975,33.78313253012048,33.964285714285715,34.141176470588235,34.30232558139535,34.49425287356322,34.63636363636363,34.69662921348315,34.87777777777778,34.956043956043956,34.75,34.89247311827957,34.52127659574468,34.66315789473684,34.802083333333336,34.94845360824742,35.09183673469388,35.23232323232323,35.35,35.475247524752476,35.6078431372549,35.74757281553398,35.88461538461539,36.01904761904762,35.81132075471698,35.66355140186916,35.77777777777778,35.88990825688074,35.99090909090909,36.108108108108105,36.205357142857146,36.31858407079646,36.421052631578945,36.53913043478261,36.28448275862069,36.34188034188034,36.398305084745765,36.51260504201681,36.59166666666667,36.67768595041322,36.78688524590164,36.8130081300813,36.91129032258065,36.968,37.05555555555556,36.76377952755905,36.84375,36.92248062015504,37.0,37.099236641221374,37.18181818181818,37.278195488721806,37.350746268656714,37.44444444444444,37.52205882352941,37.613138686131386,37.630434782608695,37.69064748201439,37.77142857142857,37.815602836879435,37.88732394366197,37.96503496503497,38.048611111111114,38.11724137931034,38.1986301369863,38.27891156462585,38.37162162162162,38.442953020134226,38.50666666666667,38.556291390728475,38.61184210526316,38.6797385620915,38.746753246753244,38.81935483870968,38.89102564102564,38.94904458598726,39.0253164556962,39.056603773584904,39.1125,39.18012422360248,39.22839506172839,39.25153374233129,39.3109756097561,39.35151515151515,39.39156626506024,39.449101796407184,39.49404761904762,39.55621301775148,39.61764705882353,39.654970760233915,39.70348837209303,39.74566473988439,39.775862068965516,39.82857142857143,39.88068181818182,39.898305084745765,39.943820224719104,39.99441340782123,40.05555555555556,40.033149171270715,39.84615384615385,39.71584699453552,39.75,39.810810810810814,39.86021505376344,39.92513368983957,39.9468085106383,39.97883597883598,40.036842105263155,40.083769633507856,40.135416666666664,40.181347150259064,40.2319587628866,40.276923076923076,40.16326530612245,40.233502538071065,40.27272727272727,40.32663316582914,40.375,40.417910447761194,40.44059405940594,40.48275862068966,40.52450980392157,40.57560975609756,40.42718446601942,40.46376811594203,40.46634615384615,40.49760765550239,40.53809523809524,40.41232227488152,40.45754716981132,40.36619718309859,40.41588785046729,40.22790697674419,40.092592592592595,40.105990783410135,40.15137614678899,40.18721461187214,40.21363636363636,40.23981900452489,40.27927927927928,40.318385650224215,40.34375,40.382222222222225,40.36283185840708,40.418502202643175,40.469298245614034,40.48471615720524,40.30869565217391,40.294372294372295,40.331896551724135,40.36480686695279,40.41025641025641,40.42553191489362,40.44915254237288,40.48945147679325,40.5,40.41422594142259,40.45,40.481327800829874,40.51239669421488,40.39917695473251,40.442622950819676,40.33469387755102,40.36991869918699,40.412955465587046,40.44758064516129,40.47791164658634,40.316,40.36254980079681,40.392857142857146,40.39525691699605,40.42125984251968,40.431372549019606,40.46875,40.509727626459146,40.50387596899225,40.54054054054054,40.573076923076925,40.593869731800766,40.63358778625954,40.47908745247148,40.458333333333336,40.50566037735849,40.35338345864662,40.250936329588015,40.27985074626866,40.28624535315985,40.32592592592592,40.17712177121771,40.18382352941177,40.03663003663004,39.948905109489054,39.99272727272727,40.0,40.02888086642599,40.03597122302158,40.06810035842294,39.925,39.83985765124555,39.698581560283685,39.724381625441694,39.771126760563384,39.80701754385965,39.66783216783217,39.70034843205575,39.74652777777778,39.77162629757785,39.782758620689656,39.64604810996563,39.67123287671233,39.70648464163823,39.75170068027211,39.772881355932206,39.79391891891892,39.804713804713806,39.671140939597315,39.69565217391305,39.74,39.60797342192691,39.47682119205298,39.34653465346535,39.2171052631579,39.088524590163935,38.96078431372549,38.83387622149837,38.70779220779221,38.750809061488674,38.8,38.855305466237944,38.881410256410255,38.91054313099041,38.94904458598726,38.904761904761905,38.78164556962025,38.72870662460568,38.757861635220124,38.789968652037615,38.8125,38.691588785046726,38.577639751552795,38.60061919504644,38.64506172839506,38.66461538461539,38.68711656441718,38.596330275229356,38.478658536585364,38.48024316109422,38.36363636363637,38.37462235649547,38.38855421686747,38.333333333333336,38.2185628742515,38.232835820895524,38.160714285714285,38.19881305637982,38.171597633136095,38.10619469026549,38.14411764705882,38.03225806451613,37.921052631578945,37.93586005830904,37.968023255813954,38.0,38.03468208092485,38.03170028818444,38.07183908045977,38.08595988538682,38.114285714285714,38.10826210826211,38.00284090909091,37.89518413597734,37.887005649717516,37.901408450704224,37.79494382022472,37.8375350140056,37.745810055865924,37.66852367688022,37.69166666666667,37.58725761772853,37.61878453038674,37.57300275482093,37.604395604395606,37.635616438356166,37.669398907103826,37.71117166212534,37.71467391304348,37.612466124661246,37.637837837837836,37.66307277628032,37.69892473118279,37.72117962466488,37.62032085561497,37.62133333333333,37.648936170212764,37.676392572944295,37.576719576719576,37.593667546174146,37.623684210526314,37.661417322834644,37.70157068062827,37.74151436031332,37.734375,37.63636363636363,37.54663212435233,37.57364341085271,37.605670103092784,37.508997429305914,37.51794871794872,37.549872122762146,37.58673469387755,37.61577608142493,37.65228426395939,37.68354430379747,37.71212121212121,37.73551637279597,37.77386934673367,37.67919799498747
total_policy_loss_agent,0.0,4.3749965698225424e-05,4.3749965698225424e-05,4.999998418497853e-05,3.333329004817642e-05,4.583329427987337e-05,3.541661862982437e-05,2.7083306122221984e-05,4.9999976909020916e-05,3.749998359126039e-05,4.3749965698225424e-05,3.9583301258971915e-05,3.9583286707056686e-05,2.9166631065891124e-05,2.9166627427912317e-05,2.9166621970944107e-05,2.4999972083605826e-05,2.7083317036158405e-05,3.541664045769721e-05,4.3749954784289e-05,4.999994416721165e-05,3.1249972380464897e-05,2.0833316739299335e-05,3.7499976315302774e-05,3.1249972380464897e-05,4.5833312469767407e-05,3.541664045769721e-05,4.166661165072583e-05,4.7916615585563704e-05,3.333331915200688e-05,3.5416651371633634e-05,2.2916645320947282e-05,4.374997297418304e-05,4.374997297418304e-05,2.7083317036158405e-05,3.958331944886595e-05,2.9166636522859335e-05,2.2916652596904896e-05,3.333330460009165e-05,4.1666626202641055e-05,4.1666626202641055e-05,3.333329368615523e-05,4.374995842226781e-05,3.95832939830143e-05,4.999996235710569e-05,2.2916668967809528e-05,3.95832939830143e-05,3.95832939830143e-05,3.541664045769721e-05,4.791662286152132e-05,3.333329368615523e-05,3.749996903934516e-05,3.5416636819718406e-05,4.375000935397111e-05,4.166664439253509e-05,3.958327943109907e-05,3.7499976315302774e-05,4.5833312469767407e-05,4.374996933620423e-05,4.374998388811946e-05,3.958327943109907e-05,4.1666615288704634e-05,3.9583286707056686e-05,4.7916615585563704e-05,3.95832939830143e-05,3.541661499184556e-05,4.3749954784289e-05,4.166662984061986e-05,3.866373299388215e-05,4.166663347859867e-05,3.541664045769721e-05,4.5833276089979336e-05,4.791660467162728e-05,2.9166631065891124e-05,3.124996510450728e-05,4.791660467162728e-05,4.999994416721165e-05,3.5416636819718406e-05,3.3333300962112844e-05,4.3749965698225424e-05,4.5833312469767407e-05,4.791662286152132e-05,3.749995812540874e-05,4.3749954784289e-05,4.5833290641894564e-05,4.374995842226781e-05,3.5416636819718406e-05,4.791661922354251e-05,4.3749940232373774e-05,3.749996903934516e-05,3.958331944886595e-05,4.3749965698225424e-05,4.3749965698225424e-05,4.374996933620423e-05,4.166661892668344e-05,4.791662286152132e-05,4.166662984061986e-05,3.958329762099311e-05,3.9583286707056686e-05,3.124996510450728e-05,3.3333300962112844e-05,4.5833276089979336e-05,3.958330489695072e-05,3.333329368615523e-05,4.1666626202641055e-05,3.7499961763387546e-05,3.541665500961244e-05,3.9583301258971915e-05,4.374998388811946e-05,4.166664439253509e-05,3.958327943109907e-05,3.7499976315302774e-05,4.1666626202641055e-05,4.166662984061986e-05,4.791660830960609e-05,3.5416625905781984e-05,3.7499950849451125e-05,4.3749954784289e-05,4.791661922354251e-05,3.958328306907788e-05,4.1666615288704634e-05,3.5416636819718406e-05,4.374994387035258e-05,3.958331944886595e-05,4.583330519380979e-05,4.166662984061986e-05,4.3749965698225424e-05,4.3749987526098266e-05,3.9583286707056686e-05,3.749996903934516e-05,4.7916615585563704e-05,4.5833290641894564e-05,3.95832939830143e-05,4.999993325327523e-05,3.9583286707056686e-05,4.166663347859867e-05,3.95832939830143e-05,3.541665500961244e-05,4.166663347859867e-05,3.749998359126039e-05,3.95832939830143e-05,4.374998025014065e-05,4.166664439253509e-05,4.3749940232373774e-05,3.958329034503549e-05,4.583328336593695e-05,4.1666615288704634e-05,2.9166656531742774e-05,4.791663013747893e-05,4.999998782295734e-05,3.958330489695072e-05,4.583330519380979e-05,4.583329791785218e-05,3.958329034503549e-05,3.9583286707056686e-05,3.958329034503549e-05,4.1666626202641055e-05,3.958330489695072e-05,4.374997297418304e-05,4.791662286152132e-05,4.3749965698225424e-05,4.166661892668344e-05,3.7499976315302774e-05,4.374996933620423e-05,4.3749965698225424e-05,3.95832939830143e-05,3.95832939830143e-05,4.1666662582429126e-05,3.5416651371633634e-05,4.166661892668344e-05,4.1666626202641055e-05,4.583329427987337e-05,3.958330489695072e-05,3.5416651371633634e-05,4.583328336593695e-05,4.3749965698225424e-05,4.374994387035258e-05,4.166664075455628e-05,4.374994387035258e-05,4.583328336593695e-05,4.5833276089979336e-05,4.9999976909020916e-05,3.958331581088714e-05,4.5833327021682635e-05,4.791661922354251e-05,3.749997995328158e-05,4.166661892668344e-05,3.749997995328158e-05,4.583331974572502e-05,3.7499961763387546e-05,3.9583301258971915e-05,4.166664075455628e-05,4.7916615585563704e-05,3.7499976315302774e-05,4.3749965698225424e-05,4.3749951146310195e-05,4.999994780519046e-05,4.791663377545774e-05,4.3749954784289e-05,3.749995448742993e-05,4.374995842226781e-05,3.958329762099311e-05,3.9583301258971915e-05,3.95832939830143e-05,4.166664075455628e-05,4.3749951146310195e-05,4.583330519380979e-05,3.541662954376079e-05,4.791662286152132e-05,4.374994387035258e-05,3.958329034503549e-05,4.583328336593695e-05,3.541662954376079e-05,4.791660830960609e-05,4.583330519380979e-05,4.9999976909020916e-05,4.5833290641894564e-05,4.583330519380979e-05,4.1666615288704634e-05,3.958329762099311e-05,3.958331944886595e-05,4.138023723498918e-05,3.958330489695072e-05,4.583329427987337e-05,4.166663347859867e-05,4.7916651965351775e-05,4.583329427987337e-05,4.583327972795814e-05,4.791663013747893e-05,4.374995842226781e-05,4.791664468939416e-05,4.5833290641894564e-05,3.9583275793120265e-05,3.749996903934516e-05,4.583329791785218e-05,4.999997327104211e-05,3.958330489695072e-05,3.958330853492953e-05,4.58333088317886e-05,4.7916615585563704e-05,3.9583286707056686e-05,4.374999480205588e-05,4.583329427987337e-05,3.9583286707056686e-05,4.583329427987337e-05,4.166663347859867e-05,4.999994780519046e-05,4.791662286152132e-05,4.999994780519046e-05,3.333330823807046e-05,4.791662286152132e-05,4.791662286152132e-05,4.791662286152132e-05,4.791662286152132e-05,4.791662286152132e-05,4.791662286152132e-05,4.791662286152132e-05,4.791662286152132e-05,4.791662286152132e-05,4.791662286152132e-05,4.791662286152132e-05,4.791662286152132e-05,4.791662286152132e-05,4.791662286152132e-05,4.791662286152132e-05,4.791662286152132e-05,4.791662286152132e-05,4.791662286152132e-05,4.791662286152132e-05,4.791662286152132e-05,4.791662286152132e-05,4.791662286152132e-05,4.791662286152132e-05,4.791662286152132e-05,4.791662286152132e-05,4.791662286152132e-05,4.791662286152132e-05,4.791662286152132e-05,4.791662286152132e-05,4.791662286152132e-05,4.791662286152132e-05,4.791662286152132e-05,4.791662286152132e-05,4.791662286152132e-05,4.791662286152132e-05,4.791662286152132e-05,4.791662286152132e-05,4.791662286152132e-05,4.791662286152132e-05,4.791662286152132e-05,4.791662286152132e-05,4.791662286152132e-05,4.791662286152132e-05,4.791662286152132e-05,4.791662286152132e-05,4.791662286152132e-05,4.791662286152132e-05,4.791662286152132e-05,4.791662286152132e-05,4.791662286152132e-05,4.791662286152132e-05,4.791662286152132e-05,4.791662286152132e-05,4.791662286152132e-05,4.791662286152132e-05,4.791662286152132e-05,4.791662286152132e-05,4.791662286152132e-05,4.791662286152132e-05,4.791662286152132e-05,4.791662286152132e-05,4.791662286152132e-05,4.791662286152132e-05,4.791662286152132e-05,4.791662286152132e-05,4.791662286152132e-05,4.791662286152132e-05,4.791662286152132e-05,4.791662286152132e-05,4.791662286152132e-05,4.791662286152132e-05,4.791662286152132e-05,4.791662286152132e-05,4.791662286152132e-05,4.791662286152132e-05,4.791662286152132e-05,4.791662286152132e-05,4.791662286152132e-05,4.791662286152132e-05,4.791662286152132e-05,4.791662286152132e-05,4.791662286152132e-05,4.791662286152132e-05,4.791662286152132e-05,4.791662286152132e-05,4.791662286152132e-05,4.791662286152132e-05,4.791662286152132e-05,4.791662286152132e-05,4.791662286152132e-05,4.791662286152132e-05,4.791662286152132e-05,4.791662286152132e-05,4.791662286152132e-05,4.791662286152132e-05,4.791662286152132e-05,4.791662286152132e-05,4.791662286152132e-05,4.791662286152132e-05,4.791662286152132e-05,4.791662286152132e-05,4.791662286152132e-05,4.791662286152132e-05,4.791662286152132e-05,4.791662286152132e-05,4.791662286152132e-05,4.791662286152132e-05,4.791662286152132e-05,4.791662286152132e-05,4.791662286152132e-05,4.791662286152132e-05,4.791662286152132e-05,4.791662286152132e-05,4.791662286152132e-05,4.791662286152132e-05,4.791662286152132e-05,4.791662286152132e-05,4.791662286152132e-05,4.791662286152132e-05,4.791662286152132e-05,4.791662286152132e-05,4.791662286152132e-05,4.791662286152132e-05,4.791662286152132e-05,4.791662286152132e-05,4.791662286152132e-05,4.791662286152132e-05,4.791662286152132e-05,4.791662286152132e-05,4.791662286152132e-05,4.791662286152132e-05,4.791662286152132e-05,4.791662286152132e-05,4.791662286152132e-05,4.791662286152132e-05,4.791662286152132e-05,4.791662286152132e-05,4.791662286152132e-05,4.791662286152132e-05,4.791662286152132e-05,4.791662286152132e-05,4.791662286152132e-05,4.791662286152132e-05,4.791662286152132e-05,4.791662286152132e-05,4.791662286152132e-05,4.791662286152132e-05,4.791662286152132e-05,4.791662286152132e-05,4.791662286152132e-05
total_policy_loss_hm,0.0,0.3303587734699249,0.23281943798065186,0.2686596214771271,0.26212701201438904,0.23970334231853485,0.3178521692752838,0.22539086639881134,0.2164057344198227,0.3138377368450165,0.2308996170759201,0.22179649770259857,0.2548331320285797,0.35516226291656494,0.2111770510673523,0.25061336159706116,0.2929452657699585,0.27613356709480286,0.25606217980384827,0.23309509456157684,0.22929000854492188,0.2202589064836502,0.22194238007068634,0.2944329082965851,0.24798059463500977,0.19603212177753448,0.3111373484134674,0.24363915622234344,0.2798691689968109,0.21099348366260529,0.21405386924743652,0.2055024653673172,0.26156577467918396,0.2865106165409088,0.20049674808979034,0.2730391323566437,0.27436551451683044,0.24632197618484497,0.2820763885974884,0.18561005592346191,0.2130698561668396,0.23982395231723785,0.1879860758781433,0.25015032291412354,0.23609144985675812,0.22325976192951202,0.2756335437297821,0.18217585980892181,0.2832307517528534,0.25369250774383545,0.2351960688829422,0.324052095413208,0.2828068733215332,0.2009589672088623,0.1673193722963333,0.1544989049434662,0.35304057598114014,0.3883310854434967,0.2373545914888382,0.25666502118110657,0.2567397356033325,0.37476858496665955,0.15082025527954102,0.18261916935443878,0.2908635437488556,0.284819632768631,0.1587034910917282,0.30341681838035583,0.260199636220932,0.18557679653167725,0.17300200462341309,0.1844974160194397,0.20576630532741547,0.2048276662826538,0.23588921129703522,0.22178883850574493,0.2151440978050232,0.357121080160141,0.24805371463298798,0.21885766088962555,0.18477265536785126,0.12179449945688248,0.16732119023799896,0.2362131029367447,0.3380974233150482,0.28253915905952454,0.22220627963542938,0.13376052677631378,0.25597310066223145,0.13844795525074005,0.20712018013000488,0.25947320461273193,0.13021844625473022,0.16734851896762848,0.17436456680297852,0.2087222933769226,0.21489150822162628,0.2807248830795288,0.19484491646289825,0.16884607076644897,0.2256173938512802,0.22876472771167755,0.24132008850574493,0.33011573553085327,0.2810811698436737,0.20247800648212433,0.25763052701950073,0.34713348746299744,0.15563441812992096,0.15494941174983978,0.11101510375738144,0.24724115431308746,0.22657577693462372,0.1306774765253067,0.3045051395893097,0.1961107701063156,0.16282205283641815,0.282478392124176,0.11509668827056885,0.10525055974721909,0.14707721769809723,0.13600848615169525,0.18917112052440643,0.26159343123435974,0.1866525262594223,0.15482261776924133,0.15792860090732574,0.10750913619995117,0.11952950805425644,0.17822329699993134,0.14502330124378204,0.13718979060649872,0.1444324254989624,0.14486049115657806,0.22932064533233643,0.23964738845825195,0.3089718818664551,0.1428128331899643,0.1879991739988327,0.15066400170326233,0.12976308166980743,0.23258061707019806,0.22044400870800018,0.1651976853609085,0.22573034465312958,0.17085044085979462,0.2507564425468445,0.189655140042305,0.22815001010894775,0.1258801817893982,0.2422981709241867,0.1369459182024002,0.29746147990226746,0.14542333781719208,0.183576762676239,0.15216164290905,0.1694779247045517,0.13025401532649994,0.1698618084192276,0.10100460052490234,0.12680824100971222,0.08552629500627518,0.10801831632852554,0.12523216009140015,0.13185884058475494,0.15191523730754852,0.10875657945871353,0.24015621840953827,0.22999005019664764,0.20267313718795776,0.2318902164697647,0.14593081176280975,0.17674672603607178,0.1387822926044464,0.2540549635887146,0.13052527606487274,0.34110912680625916,0.15560130774974823,0.3333366811275482,0.1390615850687027,0.2245073914527893,0.11071547120809555,0.16783876717090607,0.11545482277870178,0.22872163355350494,0.10737328976392746,0.1498793065547943,0.18920230865478516,0.17289887368679047,0.14387936890125275,0.14676298201084137,0.11435522884130478,0.07933793216943741,0.16068311035633087,0.14519114792346954,0.2574809491634369,0.09101736545562744,0.07549946755170822,0.11961062997579575,0.11119773238897324,0.28678885102272034,0.18508325517177582,0.1414959579706192,0.11935538798570633,0.17852944135665894,0.18129105865955353,0.2526233196258545,0.20424453914165497,0.17622129619121552,0.154505655169487,0.3996841013431549,0.2216227650642395,0.293038010597229,0.1534980684518814,0.24576330184936523,0.12301351875066757,0.2720833718776703,0.12389173358678818,0.27266302704811096,0.12515248358249664,0.22608280181884766,0.09155303239822388,0.17613542079925537,0.12370193004608154,0.1378953754901886,0.18363432586193085,0.1836891919374466,0.14929595589637756,0.19324623048305511,0.18976275622844696,0.1679992526769638,0.17749975621700287,0.13366849720478058,0.10254216939210892,0.2877991199493408,0.21228022873401642,0.1750561147928238,0.1571095734834671,0.16494958102703094,0.05433860793709755,0.13990984857082367,0.09311040490865707,0.11082631349563599,0.10466393828392029,0.08018625527620316,0.16229164600372314,0.11830482631921768,0.18687939643859863,0.0854233130812645,0.2992608845233917,0.14637088775634766,0.15235508978366852,0.2084663361310959,0.09085074812173843,0.12173545360565186,0.18692632019519806,0.1851717233657837,0.1132575273513794,0.10659724473953247,0.19260315597057343,0.12633457779884338,0.12925945222377777,0.12747304141521454,0.09804169088602066,0.21735413372516632,0.09750673174858093,0.1548645794391632,0.16804850101470947,0.13983260095119476,0.2264396697282791,0.12094614654779434,0.1541016548871994,0.12025592476129532,0.2965838611125946,0.22968560457229614,0.13358944654464722,0.08087415248155594,0.1898830384016037,0.16184364259243011,0.09454209357500076,0.0819379985332489,0.13705573976039886,0.09229180961847305,0.21908213198184967,0.17915146052837372,0.13779884576797485,0.12320572137832642,0.15274333953857422,0.1418440043926239,0.0814892128109932,0.09864626079797745,0.08633027225732803,0.23142242431640625,0.15933361649513245,0.1494915634393692,0.1367819607257843,0.08885935693979263,0.10128331929445267,0.16253454983234406,0.11402454972267151,0.09720540791749954,0.17362582683563232,0.07723935693502426,0.19053804874420166,0.1398215889930725,0.3765394985675812,0.10662660747766495,0.18247567117214203,0.17589062452316284,0.17121978104114532,0.17458607256412506,0.3796032965183258,0.3304488956928253,0.23867134749889374,0.18098342418670654,0.2028243988752365,0.17068026959896088,0.22160716354846954,0.1473684310913086,0.08022695779800415,0.08821313828229904,0.07987162470817566,0.16275332868099213,0.162761852145195,0.11898427456617355,0.17347367107868195,0.12443146854639053,0.3234465718269348,0.17252130806446075,0.13414867222309113,0.13928557932376862,0.08538661152124405,0.14090289175510406,0.14253194630146027,0.11057385057210922,0.18648894131183624,0.15772244334220886,0.12828366458415985,0.13588030636310577,0.23733627796173096,0.10731730610132217,0.24244551360607147,0.18161803483963013,0.14210408926010132,0.15510280430316925,0.1830623298883438,0.07347739487886429,0.16382327675819397,0.13210494816303253,0.31129196286201477,0.1601850539445877,0.30418720841407776,0.10263288021087646,0.09898829460144043,0.08926831930875778,0.06966044008731842,0.2479134351015091,0.11386670917272568,0.22908467054367065,0.10460635274648666,0.15366290509700775,0.12658871710300446,0.18616820871829987,0.07817971706390381,0.1693783551454544,0.13953395187854767,0.22099441289901733,0.16787122189998627,0.10525655001401901,0.20219045877456665,0.1922953724861145,0.20307093858718872,0.09983932971954346,0.12329965829849243,0.06481803208589554,0.1472228616476059,0.11129622906446457,0.07939929515123367,0.11943020671606064,0.17280204594135284,0.11897242814302444,0.19962453842163086,0.19080518186092377,0.07332067936658859,0.12101656943559647,0.09580018371343613,0.15289810299873352,0.1673916131258011,0.24525398015975952,0.1111878752708435,0.1936701536178589,0.14548243582248688,0.08380308747291565,0.20243442058563232,0.16120223701000214,0.07460477203130722,0.18296033143997192,0.16051824390888214,0.13811101019382477,0.20488810539245605
success_this_episode,0.0,1.0,1.0,0.0,1.0,1.0,1.0,1.0,1.0,1.0,1.0,0.0,1.0,1.0,1.0,0.0,1.0,0.0,1.0,1.0,1.0,1.0,1.0,1.0,1.0,0.0,1.0,0.0,1.0,0.0,1.0,1.0,0.0,1.0,1.0,1.0,1.0,1.0,1.0,1.0,1.0,1.0,1.0,1.0,1.0,1.0,1.0,1.0,1.0,1.0,1.0,1.0,1.0,1.0,1.0,1.0,1.0,1.0,1.0,1.0,1.0,1.0,1.0,1.0,1.0,1.0,1.0,1.0,1.0,0.0,1.0,1.0,1.0,1.0,1.0,1.0,1.0,1.0,1.0,1.0,1.0,1.0,1.0,1.0,1.0,1.0,1.0,1.0,1.0,1.0,1.0,1.0,1.0,1.0,0.0,1.0,1.0,1.0,1.0,1.0,1.0,1.0,1.0,1.0,1.0,1.0,1.0,1.0,1.0,1.0,1.0,1.0,1.0,1.0,1.0,1.0,1.0,1.0,1.0,1.0,1.0,1.0,1.0,1.0,1.0,1.0,1.0,0.0,1.0,1.0,1.0,1.0,1.0,1.0,1.0,1.0,1.0,1.0,1.0,1.0,1.0,1.0,1.0,1.0,1.0,1.0,1.0,1.0,1.0,1.0,1.0,1.0,1.0,1.0,1.0,1.0,1.0,1.0,1.0,1.0,1.0,1.0,1.0,1.0,1.0,1.0,1.0,1.0,1.0,1.0,1.0,1.0,1.0,1.0,1.0,1.0,1.0,1.0,1.0,1.0,1.0,1.0,1.0,1.0,1.0,1.0,1.0,1.0,1.0,1.0,1.0,1.0,1.0,1.0,1.0,1.0,1.0,1.0,1.0,1.0,1.0,1.0,1.0,1.0,1.0,1.0,1.0,1.0,1.0,1.0,1.0,1.0,1.0,1.0,1.0,0.0,1.0,1.0,1.0,1.0,1.0,1.0,1.0,1.0,1.0,1.0,1.0,1.0,1.0,1.0,0.0,1.0,1.0,1.0,1.0,1.0,1.0,1.0,1.0,1.0,1.0,1.0,1.0,1.0,1.0,1.0,1.0,1.0,1.0,1.0,0.0,1.0,1.0,1.0,1.0,1.0,1.0,1.0,1.0,1.0,1.0,1.0,1.0,0.0,1.0,1.0,0.0,1.0,1.0,1.0,1.0,0.0,1.0,0.0,1.0,1.0,1.0,1.0,1.0,1.0,0.0,1.0,0.0,1.0,1.0,1.0,0.0,1.0,1.0,1.0,1.0,0.0,1.0,1.0,1.0,1.0,1.0,1.0,0.0,1.0,1.0,0.0,0.0,0.0,0.0,0.0,0.0,0.0,0.0,1.0,1.0,1.0,1.0,1.0,1.0,1.0,0.0,1.0,1.0,1.0,1.0,0.0,1.0,1.0,1.0,1.0,1.0,1.0,0.0,1.0,0.0,1.0,1.0,1.0,0.0,1.0,1.0,1.0,1.0,1.0,1.0,0.0,0.0,1.0,1.0,1.0,1.0,1.0,1.0,1.0,1.0,1.0,1.0,0.0,1.0,1.0,0.0,1.0,1.0,1.0,1.0,0.0,1.0,1.0,1.0,1.0,1.0,1.0,1.0,0.0,1.0,1.0,1.0,1.0,0.0,1.0,1.0,1.0,0.0,1.0,1.0,1.0,1.0,1.0,1.0,0.0,1.0,1.0,1.0,0.0,1.0,1.0,1.0,1.0,1.0,1.0,1.0,1.0,1.0,0.0
timesteps_this_episode,0.0,100.0,100.0,100.0,100.0,100.0,100.0,100.0,100.0,100.0,100.0,100.0,100.0,100.0,100.0,100.0,100.0,100.0,100.0,100.0,100.0,100.0,100.0,100.0,100.0,100.0,100.0,100.0,100.0,100.0,100.0,100.0,100.0,100.0,100.0,100.0,100.0,100.0,100.0,100.0,100.0,100.0,100.0,100.0,100.0,100.0,100.0,100.0,100.0,100.0,100.0,100.0,100.0,100.0,100.0,100.0,100.0,100.0,100.0,100.0,100.0,100.0,100.0,100.0,100.0,100.0,100.0,100.0,100.0,100.0,100.0,100.0,100.0,100.0,100.0,100.0,100.0,100.0,100.0,100.0,100.0,100.0,100.0,100.0,100.0,100.0,100.0,100.0,100.0,100.0,100.0,100.0,100.0,100.0,100.0,100.0,100.0,100.0,100.0,100.0,100.0,100.0,100.0,100.0,100.0,100.0,100.0,100.0,100.0,100.0,100.0,100.0,100.0,100.0,100.0,100.0,100.0,100.0,100.0,100.0,100.0,100.0,100.0,100.0,100.0,100.0,100.0,100.0,100.0,100.0,100.0,100.0,100.0,100.0,100.0,100.0,100.0,100.0,100.0,100.0,100.0,100.0,100.0,100.0,100.0,100.0,100.0,100.0,100.0,100.0,100.0,100.0,100.0,100.0,100.0,100.0,100.0,100.0,100.0,100.0,100.0,100.0,100.0,100.0,100.0,100.0,100.0,100.0,100.0,100.0,100.0,100.0,100.0,100.0,100.0,100.0,100.0,100.0,100.0,100.0,100.0,100.0,100.0,100.0,100.0,100.0,100.0,100.0,100.0,100.0,100.0,100.0,100.0,100.0,100.0,100.0,100.0,100.0,100.0,100.0,100.0,100.0,100.0,100.0,100.0,100.0,100.0,100.0,100.0,100.0,100.0,100.0,100.0,100.0,100.0,100.0,100.0,100.0,100.0,100.0,100.0,100.0,100.0,100.0,100.0,100.0,100.0,100.0,100.0,100.0,100.0,100.0,100.0,100.0,100.0,100.0,100.0,100.0,100.0,100.0,100.0,100.0,100.0,100.0,100.0,100.0,100.0,100.0,100.0,100.0,100.0,100.0,100.0,100.0,100.0,100.0,100.0,100.0,100.0,100.0,100.0,100.0,100.0,100.0,100.0,100.0,100.0,100.0,100.0,100.0,100.0,100.0,100.0,100.0,100.0,100.0,100.0,100.0,100.0,100.0,100.0,100.0,100.0,100.0,100.0,100.0,100.0,100.0,100.0,100.0,100.0,100.0,100.0,100.0,100.0,100.0,100.0,100.0,100.0,100.0,100.0,100.0,100.0,100.0,100.0,100.0,100.0,100.0,100.0,100.0,100.0,100.0,100.0,100.0,100.0,100.0,100.0,100.0,100.0,100.0,100.0,100.0,100.0,100.0,100.0,100.0,100.0,100.0,100.0,100.0,100.0,100.0,100.0,100.0,100.0,100.0,100.0,100.0,100.0,100.0,100.0,100.0,100.0,100.0,100.0,100.0,100.0,100.0,100.0,100.0,100.0,100.0,100.0,100.0,100.0,100.0,100.0,100.0,100.0,100.0,100.0,100.0,100.0,100.0,100.0,100.0,100.0,100.0,100.0,100.0,100.0,100.0,100.0,100.0,100.0,100.0,100.0,100.0,100.0,100.0,100.0,100.0,100.0,100.0,100.0,100.0,100.0,100.0,100.0,100.0,100.0,100.0,100.0,100.0,100.0,100.0,100.0,100.0,100.0,100.0
